2 0.852102 0.724205 0.098619 0.069920
2 0.774285 0.673932 0.072424 0.056051
2 0.731524 0.675666 0.068571 0.058363
2 0.476116 0.649374 0.080128 0.049695
2 0.401766 0.640417 0.077817 0.058363
2 0.362472 0.609791 0.057785 0.038716
2 0.858651 0.497978 0.093226 0.071653
2 0.910272 0.530048 0.083981 0.060674
2 0.908731 0.585233 0.090144 0.057785
2 0.694927 0.503467 0.078587 0.046806
2 0.464173 0.391076 0.059326 0.027737
2 0.501541 0.332713 0.053932 0.062408
2 0.428347 0.255859 0.058555 0.048539
2 0.476886 0.225522 0.061637 0.037560
2 0.510016 0.224078 0.053932 0.049695
2 0.338588 0.273773 0.059326 0.052006
2 0.258460 0.335891 0.090144 0.056051
2 0.250755 0.389053 0.065489 0.049117
2 0.210691 0.375763 0.068571 0.046806
2 0.151365 0.224656 0.065489 0.035827
2 0.166004 0.250081 0.076276 0.050851
2 0.218396 0.277240 0.059326 0.038138
2 0.120932 0.327801 0.063178 0.036404
2 0.068540 0.521091 0.087833 0.062408
2 0.219551 0.541027 0.080128 0.057207
2 0.183725 0.428636 0.070112 0.053162
2 0.394061 0.463307 0.068571 0.053162
2 0.334350 0.457528 0.063178 0.036982
2 0.661797 0.354671 0.038523 0.032359
2 0.825136 0.378652 0.063178 0.047961
2 0.931845 0.376630 0.053162 0.035827
2 0.936082 0.321734 0.052392 0.042761
2 0.933771 0.275506 0.043146 0.036982
2 0.936082 0.101863 0.040064 0.030626
2 0.955344 0.439037 0.046228 0.040449
2 0.884847 0.441926 0.046998 0.043916
2 0.896018 0.673354 0.086292 0.064141
2 0.831685 0.637239 0.068571 0.050851
2 0.767351 0.567030 0.080128 0.064141
2 0.474960 0.183339 0.053162 0.032937
2 0.298524 0.121221 0.026966 0.019647
2 0.370696 0.511303 0.056665 0.029839
2 0.323073 0.531874 0.047020 0.036621
