2 0.350201 0.683185 0.043403 0.031276
2 0.499132 0.742545 0.036594 0.026169
2 0.556151 0.737758 0.039999 0.031914
2 0.518706 0.930836 0.039999 0.033829
2 0.637851 0.874030 0.036594 0.028722
2 0.364243 0.788820 0.044254 0.034467
2 0.455729 0.529680 0.041701 0.021701
2 0.605511 0.892221 0.036594 0.033190
2 0.687636 0.742226 0.034041 0.030637
2 0.659126 0.754353 0.033190 0.026808
2 0.723805 0.828074 0.034892 0.024893
2 0.762527 0.835414 0.023829 0.020425
2 0.836142 0.848818 0.043403 0.031914
2 0.907203 0.658931 0.037446 0.029999
2 0.926351 0.695312 0.031488 0.026169
2 0.651893 0.612337 0.028935 0.022340
2 0.671892 0.607550 0.029786 0.025531
2 0.327223 0.518510 0.041701 0.022340
2 0.282969 0.537658 0.031488 0.021063
2 0.462112 0.753715 0.034041 0.025531
2 0.487643 0.762651 0.032339 0.026808
2 0.528493 0.766480 0.037446 0.024254
