2 0.458230 0.636062 0.120414 0.088150
2 0.633377 0.543159 0.075475 0.056174
2 0.684078 0.584425 0.089302 0.073026
2 0.409257 0.814090 0.089302 0.057902
2 0.344729 0.955173 0.084693 0.066112
2 0.593516 0.975478 0.084478 0.047091
2 0.486461 0.980451 0.059343 0.036297
2 0.333783 0.321272 0.113500 0.082532
2 0.293741 0.380254 0.086421 0.072594
2 0.328886 0.202442 0.071442 0.041050
2 0.349051 0.238739 0.088726 0.047100
2 0.627040 0.196825 0.062800 0.040186
2 0.796188 0.283225 0.070112 0.048292
2 0.860935 0.296639 0.052226 0.046145
2 0.783310 0.069400 0.085852 0.075657
2 0.650956 0.040962 0.072974 0.046682
2 0.317565 0.082546 0.107315 0.071901
2 0.866658 0.477196 0.053657 0.050974
2 0.196300 0.364247 0.089429 0.063316
2 0.155163 0.027816 0.091575 0.053657
2 0.120464 0.086034 0.070828 0.075657
2 0.200950 0.077181 0.042926 0.032194
2 0.431319 0.328833 0.070112 0.051511
2 0.071457 0.940258 0.067250 0.064925
2 0.045702 0.898137 0.062958 0.042926
