2 0.671691 0.415471 0.050701 0.036729
2 0.462551 0.271795 0.065680 0.053581
2 0.546956 0.295994 0.068561 0.021605
2 0.560207 0.327969 0.031688 0.024198
2 0.674859 0.487849 0.036297 0.038890
2 0.349627 0.555474 0.095640 0.093767
2 0.263493 0.562388 0.084693 0.061791
2 0.086329 0.550289 0.099097 0.074755
2 0.197813 0.548776 0.103130 0.089014
2 0.141639 0.580536 0.095640 0.076483
2 0.193780 0.417200 0.140003 0.091175
2 0.171310 0.469269 0.113500 0.053581
2 0.272423 0.347630 0.144036 0.087718
2 0.276456 0.417416 0.067985 0.068273
2 0.046045 0.268526 0.092091 0.057413
2 0.200118 0.298154 0.110043 0.044939
2 0.514980 0.683594 0.041482 0.032840
2 0.037958 0.867850 0.074076 0.100762
2 0.044400 0.957742 0.088799 0.082473
2 0.662563 0.719392 0.030358 0.026060
2 0.606968 0.683182 0.035478 0.016733
2 0.636960 0.675227 0.036941 0.018928
2 0.437039 0.600189 0.045479 0.028503
