2 0.400225 0.763787 0.104013 0.073964
2 0.317785 0.652552 0.099390 0.064141
2 0.299679 0.698491 0.073964 0.069342
2 0.297753 0.773611 0.088603 0.053162
2 0.572424 0.740674 0.081669 0.049695
2 0.641765 0.693001 0.089374 0.045650
2 0.699165 0.662375 0.059326 0.038716
2 0.743466 0.705714 0.057014 0.053740
2 0.750786 0.541027 0.093226 0.049117
2 0.788539 0.570497 0.120963 0.056051
2 0.456084 0.425169 0.083210 0.058940
2 0.456854 0.397721 0.078587 0.039871
2 0.375185 0.559229 0.055473 0.036982
2 0.357464 0.534093 0.046228 0.030626
2 0.067299 0.681597 0.057058 0.038953
2 0.100217 0.667332 0.064373 0.034564
2 0.802104 0.621414 0.064087 0.045013
2 0.851695 0.192261 0.063578 0.039673
2 0.885773 0.221252 0.063578 0.042725
2 0.904846 0.176620 0.054932 0.044250
2 0.823975 0.029564 0.091553 0.059128
2 0.300598 0.057220 0.061035 0.046539
2 0.447591 0.279236 0.097656 0.045013
2 0.454712 0.037193 0.063070 0.060654
2 0.022561 0.210058 0.045122 0.029490
2 0.077996 0.012811 0.050278 0.024656
2 0.953612 0.582571 0.032817 0.028582
2 0.970550 0.543667 0.051872 0.034934
2 0.936145 0.622269 0.038110 0.023819
2 0.909151 0.752477 0.039168 0.026994
2 0.829755 0.766371 0.039168 0.027788
2 0.762005 0.496030 0.098450 0.042873
2 0.887449 0.500000 0.086806 0.061928
2 0.128430 0.500000 0.044461 0.031758
