2 0.248776 0.956029 0.045702 0.037834
2 0.324012 0.967993 0.035786 0.025546
2 0.362169 0.909141 0.032768 0.039774
2 0.341689 0.912213 0.035786 0.031690
2 0.384158 0.830078 0.032768 0.020049
2 0.297496 0.969287 0.028456 0.032660
2 0.526869 0.764597 0.042253 0.037187
2 0.550583 0.803401 0.040528 0.026839
2 0.323365 0.627490 0.041391 0.028133
2 0.200486 0.652874 0.038804 0.027809
2 0.582919 0.719811 0.027594 0.025869
2 0.513504 0.672923 0.037942 0.025222
2 0.874164 0.586099 0.054756 0.030720
2 0.905207 0.596447 0.034061 0.035894
2 0.945735 0.542122 0.034061 0.030073
2 0.793322 0.446082 0.056050 0.022959
2 0.726062 0.430722 0.035355 0.025222
2 0.672815 0.418434 0.050445 0.025222
2 0.621077 0.421345 0.040097 0.034923
2 0.649964 0.897823 0.042684 0.033307
2 0.228940 0.955876 0.033236 0.045456
2 0.239302 0.524341 0.066473 0.034605
2 0.345854 0.480791 0.034800 0.018476
2 0.354261 0.329028 0.041448 0.029326
2 0.080158 0.274921 0.050832 0.021408
2 0.098536 0.342372 0.040666 0.020822
2 0.095799 0.471993 0.054742 0.046042
2 0.083677 0.437242 0.058652 0.021115
2 0.051810 0.458797 0.034018 0.020235
2 0.032259 0.287678 0.025416 0.021115
2 0.206652 0.456011 0.030108 0.022288
2 0.143307 0.647511 0.026980 0.025221
2 0.597277 0.591058 0.027762 0.027273
2 0.559544 0.267443 0.048486 0.027567
2 0.445758 0.256739 0.027371 0.024341
2 0.459444 0.282106 0.028935 0.015836
2 0.568733 0.184157 0.035582 0.018182
2 0.678804 0.248088 0.035191 0.022288
2 0.694249 0.264071 0.039493 0.030793
2 0.743712 0.268616 0.025025 0.026980
2 0.495860 0.543015 0.027902 0.019118
2 0.414274 0.161654 0.022156 0.019173
2 0.416149 0.131488 0.034086 0.025309
2 0.481594 0.164211 0.037495 0.016617
2 0.434044 0.241032 0.026928 0.019940
2 0.654552 0.017946 0.025287 0.022362
2 0.835121 0.905383 0.032552 0.021319
