2 0.588731 0.188655 0.233115 0.228915
2 0.457997 0.533077 0.190062 0.178511
2 0.562479 0.800844 0.170111 0.191112
2 0.264785 0.799269 0.137559 0.122858
2 0.078923 0.733640 0.141759 0.153310
2 0.138252 0.847572 0.102907 0.108157
2 0.660660 0.826571 0.120758 0.131258
2 0.669586 0.641759 0.151210 0.129158
2 0.656460 0.309938 0.219464 0.221564
2 0.320439 0.445397 0.110257 0.112357
2 0.235908 0.493175 0.144909 0.144909
2 0.810295 0.367692 0.119708 0.114457
2 0.351941 0.284736 0.129158 0.139659
2 0.288936 0.627058 0.118658 0.118658
2 0.252709 0.321489 0.077705 0.059854
2 0.932947 0.966613 0.094094 0.064821
2 0.694262 0.548303 0.085055 0.095556
2 0.616032 0.536227 0.081905 0.079805
2 0.550403 0.647534 0.106057 0.100806
2 0.764092 0.460097 0.079805 0.095556
2 0.907426 0.284736 0.087156 0.089256
2 0.471123 0.702138 0.105007 0.096606
2 0.501050 0.242734 0.190062 0.194262
