2 0.143453 0.331390 0.080363 0.055695
2 0.132772 0.378311 0.083415 0.057983
2 0.155660 0.458038 0.108846 0.081635
2 0.301127 0.509537 0.080363 0.059509
2 0.251790 0.594986 0.075277 0.056458
2 0.513224 0.407684 0.105794 0.080109
2 0.514242 0.139130 0.101725 0.061798
2 0.713114 0.225342 0.086466 0.061798
2 0.828064 0.191391 0.060018 0.030518
2 0.951782 0.227474 0.093831 0.061484
2 0.979757 0.268717 0.037882 0.043264
2 0.750753 0.333298 0.092570 0.054932
2 0.920634 0.373352 0.094604 0.067902
2 0.735494 0.477875 0.080363 0.046539
2 0.874858 0.466049 0.088501 0.056458
2 0.786865 0.551880 0.115967 0.066376
2 0.655582 0.668234 0.107713 0.077831
2 0.923177 0.645340 0.077311 0.057983
2 0.438021 0.560938 0.069792 0.053125
2 0.445833 0.766406 0.100000 0.078125
2 0.504167 0.850000 0.064583 0.062500
2 0.646354 0.813672 0.111458 0.088281
2 0.131771 0.903516 0.069792 0.063281
2 0.502819 0.969781 0.080868 0.058485
2 0.763889 0.828480 0.067866 0.049716
2 0.730350 0.868430 0.038668 0.036103
2 0.952099 0.827000 0.081282 0.056226
2 0.822680 0.898911 0.054451 0.028409
2 0.849905 0.696200 0.102588 0.083452
2 0.793087 0.624290 0.085227 0.050900
2 0.966304 0.725793 0.062342 0.053859
2 0.973011 0.776397 0.048927 0.041430
2 0.975990 0.909656 0.045415 0.052267
2 0.918955 0.540246 0.074968 0.050900
2 0.870818 0.512133 0.057607 0.034920
2 0.886206 0.572502 0.066288 0.053859
2 0.690789 0.171567 0.076754 0.074013
