2 0.182880 0.581905 0.114807 0.085055
2 0.174479 0.742566 0.086806 0.085055
2 0.295587 0.752016 0.119008 0.082955
2 0.235383 0.818170 0.121808 0.068254
2 0.536402 0.816070 0.063004 0.047253
2 0.581905 0.750966 0.098006 0.078755
2 0.665911 0.682187 0.084005 0.079805
2 0.762517 0.565629 0.098006 0.071405
2 0.876624 0.415470 0.144209 0.121808
2 0.630908 0.516801 0.070004 0.068254
2 0.704413 0.522051 0.085405 0.070355
2 0.385193 0.444871 0.074205 0.060904
2 0.343890 0.588206 0.095206 0.061954
2 0.430696 0.536752 0.064404 0.059854
2 0.365591 0.536227 0.079805 0.054603
2 0.468498 0.483724 0.070004 0.044103
2 0.513301 0.513651 0.084005 0.068254
2 0.762517 0.345115 0.081205 0.058804
2 0.788418 0.194430 0.105007 0.076655
2 0.779318 0.478474 0.070004 0.054603
2 0.579105 0.660135 0.047603 0.035702
2 0.505600 0.777218 0.057404 0.051453
