2 0.626533 0.208081 0.218414 0.254816
2 0.356141 0.381692 0.194262 0.252016
2 0.471648 0.415295 0.194262 0.229615
2 0.748866 0.605007 0.124958 0.169411
2 0.645959 0.630908 0.103957 0.162410
2 0.524152 0.640009 0.179561 0.233815
2 0.384493 0.630208 0.139659 0.253416
2 0.252709 0.718414 0.126008 0.149810
2 0.126176 0.762517 0.150160 0.162410
2 0.242734 0.906726 0.131258 0.156810
2 0.376048 0.935211 0.087068 0.126974
2 0.960838 0.861578 0.076371 0.119717
2 0.918977 0.910926 0.080855 0.095206
2 0.885692 0.958312 0.077290 0.080771
2 0.201256 0.621108 0.088206 0.092406
2 0.168704 0.503500 0.067204 0.070004
2 0.906901 0.330589 0.086106 0.127408
2 0.914252 0.254284 0.075605 0.114807
