2 0.920464 0.217712 0.130208 0.060272
2 0.635634 0.328339 0.086806 0.045013
2 0.398275 0.335205 0.149197 0.086212
2 0.691922 0.441635 0.169542 0.103760
2 0.561035 0.416840 0.081380 0.048065
2 0.257894 0.487411 0.188531 0.109863
2 0.328423 0.540436 0.166829 0.087738
2 0.146674 0.532043 0.150553 0.087738
2 0.035699 0.472401 0.071398 0.073738
2 0.266032 0.621689 0.080024 0.050354
2 0.445747 0.601852 0.157335 0.088501
2 0.543403 0.556839 0.138346 0.085449
2 0.666151 0.541962 0.153266 0.083160
2 0.828234 0.548447 0.181749 0.100708
2 0.930203 0.519073 0.136122 0.101471
2 0.682427 0.611008 0.115289 0.041199
