5 0.410394 0.243259 0.077005 0.233115
5 0.371892 0.550403 0.095206 0.351773
5 0.551803 0.568254 0.054603 0.124958
5 0.721214 0.627058 0.085405 0.135459
5 0.515401 0.499475 0.082605 0.184812
5 0.492300 0.668011 0.100806 0.129158
5 0.952229 0.626008 0.082605 0.211064
5 0.941511 0.831186 0.114373 0.144689
5 0.747116 0.203881 0.075605 0.179561
5 0.876624 0.154003 0.191812 0.302419
5 0.852123 0.361391 0.142809 0.150160
5 0.089074 0.203881 0.064404 0.267767
5 0.176579 0.142977 0.068604 0.194262
5 0.053112 0.088552 0.065286 0.177104
5 0.486699 0.207556 0.086806 0.144909
5 0.629128 0.067551 0.083244 0.135102
5 0.955729 0.354566 0.058804 0.174311
