9 0.468498 0.278961 0.112007 0.094506
9 0.446797 0.377667 0.049003 0.031502
9 0.463598 0.640184 0.079805 0.056704
9 0.490899 0.683762 0.075605 0.061954
9 0.951529 0.404444 0.070004 0.051453
9 0.556704 0.257434 0.095206 0.078755
9 0.544103 0.103075 0.044803 0.040953
9 0.500700 0.085223 0.047603 0.038852
9 0.958529 0.451697 0.067204 0.047253
9 0.958529 0.582430 0.039203 0.046203
9 0.220682 0.211757 0.047603 0.039903
9 0.112175 0.196006 0.065804 0.042003
9 0.183580 0.172904 0.051803 0.037802
9 0.108675 0.148227 0.056004 0.028352
9 0.867524 0.039546 0.058804 0.046203
