9 0.978388 0.008722 0.039752 0.015109
9 0.953503 0.030048 0.063435 0.031300
9 0.838876 0.063226 0.052306 0.026292
9 0.935141 0.088266 0.046741 0.021284
9 0.965745 0.067608 0.041177 0.022536
9 0.924568 0.064478 0.038951 0.018780
9 0.967415 0.114871 0.042290 0.018154
9 0.571782 0.007825 0.056757 0.014398
9 0.786013 0.071051 0.053419 0.024414
9 0.784344 0.097969 0.061209 0.028170
9 0.710337 0.077624 0.040064 0.017528
9 0.736489 0.093900 0.036725 0.025040
9 0.529492 0.163386 0.047854 0.021284
9 0.156673 0.129582 0.050080 0.018780
9 0.097690 0.133025 0.034500 0.020658
9 0.263511 0.237568 0.061209 0.028170
9 0.510572 0.201260 0.050080 0.025666
9 0.571225 0.215658 0.053419 0.021910
9 0.472178 0.217849 0.040064 0.030048
9 0.747062 0.146171 0.042290 0.021910
9 0.773215 0.174967 0.063435 0.024414
9 0.933471 0.224422 0.041177 0.021910
9 0.952390 0.253531 0.054532 0.030048
9 0.566774 0.406901 0.080128 0.036308
9 0.575120 0.449782 0.083467 0.044446
9 0.259059 0.317383 0.063435 0.032552
9 0.211205 0.361203 0.067886 0.033804
9 0.495548 0.546186 0.075677 0.026918
9 0.515024 0.567470 0.072338 0.039438
9 0.224559 0.594389 0.063435 0.031926
9 0.171697 0.611604 0.071225 0.037560
9 0.892294 0.680777 0.087918 0.036934
9 0.957799 0.714486 0.080929 0.049264
